k-mer	odds_ratio	p_value	corrected_p_value
CCGTC	3.134538659228255	1.4550780177967724e-05	0.014638084859035531
TCGCG	2.89482476635514	0.005104877770877677	5.135507037502943
TACCG	2.8817557537245686	0.0130075704524595	13.085615875174257
GCTCG	2.859874861237259	0.00017632041115478382	0.17737833362171251
TCCCC	2.806181998959073	1.7846128020146672e-14	1.7953204788267553e-11
CGATC	2.7230027048441916	0.0049236231759965015	4.95316491505248
CCCTT	2.69055855974772	2.1300482970112744e-11	2.142828586793342e-08
CTTCT	2.6815077036750012	3.745200466479728e-14	3.767671669278606e-11
TTCGT	2.6596646402218656	0.005753542620731887	5.788063876456278
TTCCC	2.6448237007722537	6.074512720162422e-13	6.110959796483396e-10
GTTCG	2.622214693831459	0.01372735423374843	13.809718359150919
CCCCC	2.5877429178741442	2.4475881823463165e-11	2.4622737114403943e-08
GTCCC	2.583088038533583	8.345050958930346e-09	8.395121264683928e-06
CCTCG	2.5720791774984866	2.4278299736829863e-05	0.02442396953525084
CCTTT	2.570909473636649	8.354207342629901e-12	8.40433258668568e-09
CTTTC	2.5518132110347174	5.931584588577573e-12	5.967174096109038e-09
CCCTC	2.538199160223147	1.058775175271463e-12	1.0651278263230917e-09
CCTTC	2.5168277551180833	7.438361966905981e-11	7.482992138707417e-08
TCCTC	2.511469051667374	6.2438945324681236e-12	6.281357899662932e-09
TCATC	2.491879689935767	1.654248426354452e-07	0.00016641739169125788
CCTCT	2.4913651730676434	1.8457883471313593e-12	1.8568630772141473e-09
CCTCC	2.4852890617931784	3.7732756445139347e-17	3.795915298381018e-14
TCCTT	2.4814866873078794	1.451151212142173e-11	1.459858119415026e-08
CTCTT	2.4674805420248913	1.6237693422829106e-10	1.633511958336608e-07
TTCTG	2.4494713816629856	1.3819930808270408e-11	1.390285039312003e-08
CTCCG	2.4011194169371084	5.321344044654714e-05	0.05353272108922642
TCGTG	2.3984430341543046	0.005815541890570493	5.850435141913915
TTTCC	2.375649593506376	2.9699527163791607e-11	2.9877724326774355e-08
CGTCC	2.3548136277302945	0.003578591354183003	3.600062902308101
TCTCC	2.3038285597956243	7.611605206073075e-10	7.657274837309513e-07
CTGCT	2.2743313961767586	9.723368332766598e-10	9.781708542763197e-07
CCCCT	2.2720640200001765	1.084089690168388e-08	1.0905942283093983e-05
GCCCT	2.260163162872651	8.128421912696556e-08	8.177192444172735e-05
TCTTT	2.2591408662837233	2.6022379027063415e-11	2.6178513301225797e-08
TGTCC	2.2548084541410542	2.643934004474083e-06	0.0026597976085009274
TCCCT	2.237999946836259	2.373227181423167e-09	2.387466544511706e-06
CCGAC	2.237568765689259	0.012830607510857668	12.907591155922814
TACTT	2.237180180290456	4.126009574921652e-06	0.004150765632371181
TCCCG	2.2207317942140516	0.0006761821998052444	0.6802392930040758
CTCCC	2.220144947711866	3.618210672289952e-11	3.639919936323692e-08
TTCCT	2.2167971084854328	2.8381361031454647e-10	2.8551649197643376e-07
CCCGT	2.206914667347286	0.006146137064924055	6.183013887313599
CGGTT	2.1955982769055504	0.033862616947885164	34.06579264957247
TGCTG	2.186878138682903	2.791181196355107e-09	2.8079282835332378e-06
TTCTT	2.185351420669623	1.5888376063014947e-10	1.5983706319393036e-07
ACCCT	2.1835931757474913	3.427793872554466e-06	0.0034483606357897925
GACCT	2.1810116624400084	1.2058780404421314e-05	0.012131133086847842
TCTCT	2.164517908666482	3.951751447361384e-10	3.9754619560455523e-07
TTGCT	2.1604908171776778	5.146811652117689e-07	0.0005177692522030395
CTCTG	2.1503946787932264	4.1942974429061763e-10	4.2194632275636134e-07
TGCCC	2.137651270599177	1.3743836403455933e-07	0.0001382629942187667
ACTCT	2.134550938744666	9.44389048934811e-06	0.009500553832284198
TTCTC	2.1291639265240825	7.850208921091854e-08	7.897310174618405e-05
TGACC	2.1289505070729997	2.018852897108513e-05	0.02030966014491164
CTTCC	2.1180579029941424	3.78721986945864e-08	3.8099431886753915e-05
ATCTT	2.1172285893717127	7.174554160680097e-06	0.007217601485644177
CTCGC	2.114322418776569	0.005295535598775548	5.3273088123682015
CGTCG	2.1001862221742775	0.09567251097828237	96.24654604415207
ATTCC	2.098888861873617	2.7220164971991407e-05	0.027383485961823356
AACGC	2.095016956734306	0.04238893673696992	42.643270357391735
CTCTC	2.0945676217807696	1.6931330911117446e-07	0.0001703291889658415
TATCT	2.09251167481608	5.701528195056414e-05	0.05735737364226753
TTCAT	2.0788244133924163	4.5795118308921644e-06	0.004606988901877517
CCTTG	2.0740165877716725	3.1410682459937943e-06	0.0031599146554697572
CTCCT	2.0701719946182053	4.273839065954879e-09	4.299482100350608e-06
CCCAT	2.0682950082714395	2.3851828280416814e-05	0.023994939250099316
TGCCT	2.0606827327621007	5.276404922887039e-08	5.308063352424361e-05
GCCTC	2.054856333111928	2.525563036580804e-08	2.5407164148002888e-05
GCTTC	2.053196648942261	2.794221473670711e-05	0.02810986802512735
CTTCA	2.0529041994266124	6.28334804383724e-06	0.006321048132100263
CTTTT	2.041959955836288	2.611906310083973e-08	2.627577747944477e-05
CTTGT	2.0328018476504663	9.903628919424721e-05	0.0996305069294127
ACCTC	2.025127537703798	8.824537565225072e-06	0.008877484790616423
CCCTG	2.0237544332582065	3.683022535735724e-08	3.7051206709501385e-05
TCCTA	2.0166771884437957	0.0003253796788323774	0.32733195690537165
CCATT	2.0160612142208545	3.361493030015374e-05	0.03381661988195466
TGTTC	2.0149290138489158	0.00014375286155764923	0.14461537872699512
TCTTG	2.0041967500869147	1.3940408590874187e-05	0.014024051042419432
CCTGT	2.0040915406661375	8.518703800413624e-07	0.0008569816023216106
CGCCT	1.9943922984044735	0.0016384023008339293	1.6482327146389328
TTCCA	1.990579291883385	2.7927186579278587e-06	0.002809474969875426
TATTC	1.9905308583863202	0.0004919207303808965	0.49487225476318186
CATCG	1.9845639117133362	0.06914978098970277	69.56467967564099
CCGCC	1.976402160157147	0.00016724373916191426	0.16824720159688575
TCCGA	1.9736875407348997	0.07070397090624335	71.12819473168081
ATTCT	1.9690721840120227	8.146583812168993e-06	0.008195463315042006
CACTT	1.9557756026012132	3.0148115420344608e-05	0.030329004112866674
CTACC	1.9530009498780394	0.0038596515218236086	3.8828094309545502
GTTCC	1.9493923518300724	0.0009990124684386636	1.0050065432492956
TCATT	1.9491988230614181	2.2392913932060648e-05	0.022527271415653013
TTCCG	1.9418626092651838	0.04820370573932206	48.49292797375799
TTGTC	1.9416054273646435	0.0008733604499599726	0.8786006126597324
TCCGT	1.937799129662423	0.04871090457270147	49.00317000013768
CCTGA	1.9315728911656493	7.764008905333159e-06	0.007810592958765157
CGCCC	1.9253773689377351	0.0006798888323643014	0.6839681653584873
CTATC	1.9232569166803928	0.0067074006921564065	6.747645096309345
GCCTG	1.9165859508486414	1.9692408130208292e-07	0.00019810562578989542
TCTTC	1.9136984063498144	3.46431080376387e-05	0.03485096668586453
CCCTA	1.9096481972826058	0.0033802982432673094	3.4005800327269133
CTCAT	1.908279973615687	0.0001538741247116133	0.15479736945988298
CCCCA	1.907051064296801	1.5996905252296293e-06	0.0016092886683810072
CCGCT	1.903616248348745	0.01938996523477195	19.50630502618058
GTCCT	1.9008863883130984	0.0004835606074137002	0.4864619710581824
TCCCA	1.9004703259919329	4.506292271416603e-07	0.00045333300250451026
TCGCC	1.89640926597058	0.03603896653835587	36.25520033758601
GTCTA	1.8857288828337875	0.011783571287539213	11.854272715264448
TTAGC	1.8801873107793223	0.002829884203542468	2.8468635087637226
CATTC	1.86885934996561	0.00038472562870939513	0.3870339824816515
TACCT	1.865496063097715	0.0026199754700492587	2.6356953228695543
GCCTT	1.8630651394988689	0.0002903821652813991	0.2921244582730875
CCTGC	1.8564705803921056	3.7269833959367944e-06	0.003749345296312415
CTGCC	1.8541432025020044	1.7330871244722277e-06	0.001743485647219061
CATGT	1.8510319055712425	0.00032785156115653025	0.3298186705234694
TCACT	1.8457456696685568	7.990825322151714e-05	0.08038770274084624
CGGCT	1.8399864381527236	0.010278251520766857	10.339921029891459
ATCCT	1.8324223858051671	0.0007538031299559467	0.7583259487356824
GTTTC	1.8322124021802015	0.00046548132729123227	0.46827421525497964
TACGC	1.8266661696475703	0.23064055672341396	232.02440006375446
GCCCC	1.8162606564104236	8.431752609976031e-05	0.08482343125635887
TGTCT	1.8139764044557014	0.00013775714742482757	0.13858369030937653
CACTC	1.8036014038125066	0.0005289024682649915	0.5320758830745814
TCCTG	1.8011196732078465	6.9824248256094e-06	0.007024319374563057
CACCG	1.7967629004412047	0.029356970610915835	29.53311243458133
TGCGT	1.7898109580262735	0.08594075254926718	86.45639706456278
CAATC	1.7866582342323563	0.009840660987886872	9.899704953814194
CTTTA	1.7813961299064136	0.0008900715696780583	0.8954119990961267
TACCC	1.7747916221414832	0.016827203531329896	16.928166752517875
TATGC	1.764010357153321	0.020733534753663126	20.857935962185106
GTCTT	1.7611245629717118	0.0022266314009941404	2.239991189400105
ACCGT	1.757022272524215	0.11107228263180796	111.73871632759881
CACCT	1.7543077700718153	0.0001858283331721964	0.18694330317122956
CGCTT	1.7542499089695351	0.07865185970899828	79.12377086725228
GGCTC	1.753217782279716	0.00021650367065622687	0.21780269268016422
GTCCG	1.7527463696911845	0.11208445847742704	112.7569652282916
AGTTA	1.7518701577397244	0.005725174104058503	5.759525148682854
ACGCT	1.7517207841640137	0.09408608127832463	94.65059776599458
GCCTA	1.7496393081740063	0.019036381710634338	19.150600000898145
CCCAC	1.74775471804344	0.0001760554507774613	0.17711178348212608
ACCTA	1.7430519100474349	0.019661596841667985	19.779566422717995
GTTCT	1.7422162563922192	0.003458382651982811	3.479132947894708
CGTTC	1.7358488259654734	0.11618161646688252	116.87870616568381
ATGTC	1.7343819131400933	0.007442031371004378	7.486683559230404
TCTGC	1.7320880567771517	0.000368445384318588	0.3706560566244995
CTTGC	1.721656316089793	0.0035457883935623995	3.567063123923774
ATGCC	1.7081599347205223	0.005163585721695944	5.19456723602612
TTTCT	1.7035282810872157	9.457420208293804e-06	0.009514164729543566
ACCTT	1.6978232528403112	0.004298970043949806	4.324763864213504
ACTTC	1.696017215921136	0.004362113552705138	4.388286234021368
CTGTT	1.6838311433888866	0.0019947289125735995	2.006697286049041
TGCTC	1.6799607761348505	0.0023447293690876275	2.3587977453021534
CGACC	1.676781664100993	0.11256726667461689	113.24267027466459
ATCAT	1.6715378311892728	0.008760264657555783	8.812826245501117
TTGCC	1.6693800605232598	0.005407180490828651	5.439623573773623
TCCGC	1.6667386049537078	0.06436797121915584	64.75417904647078
CTGTC	1.665489012546618	0.001310899085913674	1.318764480429156
TTACT	1.6632845613880918	0.005679092068584107	5.713166620995612
TTTAC	1.6623986534354047	0.005064261409234235	5.09464697768964
TCTTA	1.6553056037672014	0.006830300859693882	6.871282664852045
CTGAC	1.6534753401297484	0.004839954281734108	4.868994007424512
CCCGC	1.6530027055006995	0.012748962433550826	12.825456208152131
CTTAG	1.652286479067901	0.01638050735575031	16.47879039988481
TCTAT	1.6472140260850974	0.011737255821492435	11.80767935642139
TCTGT	1.6450516157010535	0.000828525799586655	0.8334969543841749
CATCT	1.6384497372854248	0.0022059122951712615	2.219147768942289
CCTAC	1.6367471908542568	0.03311050563499799	33.30916866880798
CTATT	1.6301456553788891	0.013187393244997757	13.266517604467744
TTGTT	1.6282698574833405	0.0017608775044879862	1.7714427695149142
TTCAC	1.6243088187536827	0.007764991712290929	7.811581662564675
GCTCT	1.6233245977475723	0.0032148229668803856	3.2341119046816678
TCGGC	1.622917854306759	0.07477305041670364	75.22168871920385
CCTAG	1.6216942468396451	0.024944521380854803	25.094188509139933
ACCCG	1.612320211934243	0.07753269712351393	77.99789330625502
ACCCC	1.5994649213200554	0.005016599572449954	5.046699169884653
TGGTT	1.5991853614180191	0.011761492997632428	11.832061955618222
CCACT	1.598099361788877	0.0041240453381506965	4.148789610179601
TCCAC	1.596693142540325	0.007833198649541821	7.880197841439072
TACTC	1.5965250107331446	0.028724164819325097	28.89650980824105
CCTCA	1.5850663603220791	0.0014160369408577132	1.4245331625028594
CCACC	1.5836799428905373	0.0013061458133925067	1.3139826882728618
CGCTC	1.5793184488836662	0.08679290795422041	87.31366540194574
CTACT	1.5784360981764063	0.0168881612126203	16.98949017989602
TCGCT	1.576030860802835	0.11160294819671947	112.27256588589978
CTCCA	1.5738898368703873	0.001480756105813275	1.4896406424481545
GGTTC	1.573769148745581	0.029343700167614287	29.519762368619972
AGCCC	1.5703330656163121	0.004913123349385922	4.942602089482238
GTCAC	1.5700527855985997	0.016179812988894163	16.276891866827526
GTCTC	1.5687209564723188	0.005502425680863451	5.535440234948632
TTTAT	1.567235424763015	0.0013353068284945562	1.3433186694655235
CCCGA	1.5593395904243526	0.10422769887075096	104.85306506397546
CCCCG	1.5588126011317005	0.023640280889496178	23.782122574833156
AGCTC	1.5558626262626263	0.01002985190526041	10.090031016691972
TCGTT	1.551353521129784	0.19686640447358317	198.04760290042466
TAGTC	1.5510321501844646	0.07673285603310448	77.1932531693031
CTGTG	1.5427117513964714	0.0026315627689039796	2.6473521455174036
CTGAA	1.5409937402463958	0.007209335437142656	7.252591449765512
TTTTC	1.533254103697237	0.0017576549129676182	1.7682008424454239
CTGCG	1.533119066688106	0.07420743087392315	74.65267545916669
CATTT	1.5275700005123736	0.0026674799885917696	2.6834848685233204
TGCTT	1.5274939925213362	0.008216542212409746	8.265841465684204
CCTAT	1.5268397918440002	0.06237377161518925	62.74801424488038
CATAT	1.525981851668571	0.0320931765417152	32.285735600965495
ACGCC	1.524702568180829	0.10457772556992385	105.20519192334339
TGGCC	1.524182167429171	0.004637666490826331	4.66549248977129
CTCTA	1.5211232720047778	0.022996924385167077	23.13490593147808
GATTC	1.5190565226507036	0.044207410707940625	44.47265517218827
CGCGT	1.5188522862270801	0.27385739629290073	275.50054067065815
GGCCT	1.513739686658677	0.007924110831729106	7.97165549671948
AGTTC	1.5110361431604549	0.03521989252567711	35.43121188083117
CCGGC	1.5042461522121817	0.047972614781076416	48.26045046976287
ACTTG	1.50324443353675	0.028469799825729343	28.640618624683718
ATCTG	1.5011759046407906	0.02055555692586277	20.678890267417948
TTATC	1.4993639450770486	0.05387738916170709	54.20065349667733
ACTTT	1.4966234036041908	0.010199334775172021	10.260530783823054
CCTTA	1.4948766395562763	0.050511499595835056	50.814568593410065
GCGTC	1.4941454886816528	0.17503707662053836	176.08729908026157
TAATC	1.4918581863531089	0.03966234833500275	39.90032242501277
GCTCC	1.4878295553500898	0.0165205213146995	16.619644442587695
AACCC	1.4873396470970004	0.02924068555315774	29.41612966647669
CACGC	1.4858760902401307	0.09013819960942158	90.67902880707811
TCATG	1.4816127108700252	0.02808607384728387	28.254590290367574
TTTTT	1.476948094581268	1.400638264997855e-05	0.01409042094587842
ATGGC	1.4746329114222285	0.037523389923975435	37.748530263519285
TTAAT	1.472637778712663	0.020333110300169013	20.455108961970026
CCATC	1.4693479414427069	0.02629949720665318	26.457294189893098
TTTCA	1.4682550500924987	0.009294544871474414	9.35031214070326
ACCTG	1.4677804923820565	0.0135054167600415	13.586449260601748
TCACC	1.4627793184667401	0.022079372001190988	22.211848233198133
TTTTA	1.4606906358998724	0.0030458349867766134	3.064109996697273
TTAGT	1.4600400546999839	0.05644920347910947	56.787898699984126
TTTGC	1.4557637326190487	0.02711139922093093	27.274067616256517
GCTTT	1.4552617061392548	0.029303796373010477	29.47961915124854
TCCAT	1.4540425806981678	0.03184675347747018	32.037833998335
CGTGT	1.4539898933795559	0.17506377029109238	176.11415291283893
ATATC	1.4532439552083427	0.0873071919204894	87.83103507201234
TCGAG	1.4523124710397441	0.21420265407834652	215.4878700028166
TCTCA	1.4502551126135121	0.01295849265124489	13.03624360715236
CTTTG	1.4501828559890422	0.016002278948756422	16.098292622448962
TTTGT	1.4494382927642058	0.010613350155585566	10.67703025651908
TCTGA	1.4494372294372295	0.024671076270491907	24.81910272811486
GTTCA	1.4463995634089648	0.05242532348974904	52.73987543068754
ATTAC	1.4460437350561335	0.0611034360953728	61.470056711945034
CTCAC	1.4389189892266705	0.02042942915289947	20.552005727816866
AACTC	1.4360553529431976	0.0519258551448027	52.237410275671515
GCGGC	1.4355380088952565	0.07523639500782403	75.68781337787098
TCAAT	1.4355380088952565	0.07523639500782403	75.68781337787098
GCCCG	1.4355380088952565	0.07523639500782403	75.68781337787098
TGGCT	1.4341848161240587	0.014290458643374193	14.376201395234439
CGGCC	1.4250959393500258	0.06874947173665917	69.16196856707913
ATTGC	1.4248595540993028	0.07395977593233181	74.4035345879258
CTTGA	1.4221499062701008	0.03769612164534682	37.9222983752189
ACATC	1.4220451163981134	0.07508923129663238	75.53976668441217
CGCCG	1.4202827053330098	0.13753530628646146	138.36051812418023
AGCCT	1.417738338462538	0.012408363952124454	12.4828141358372
CATCA	1.4165830089604883	0.051253354121541694	51.56087424627094
GTTAC	1.4127801862586538	0.14128852493262356	142.1362560822193
TTGAC	1.4110266326799683	0.10561379285725016	106.24747561439366
ATCCC	1.4054993503554796	0.04851836888349073	48.80947909679168
TTATT	1.4049452679472254	0.015213013161400127	15.304291240368528
TCTAA	1.403137987869425	0.06378537326005096	64.16808549961127
TGTGC	1.3959907152973574	0.04587158921949732	46.146818754814305
TGATT	1.3931269345116681	0.05988901729577402	60.24835139954866
GGTCT	1.3910120832827697	0.06460522066027424	64.99285198423588
TGTCA	1.3892162176514524	0.05122536510101873	51.53271729162484
TGTTA	1.3839505230205391	0.07635168199948505	76.80979209148197
TTACC	1.3831227809429445	0.11961655811606899	120.3342574647654
GTCGA	1.3781150613574136	0.3734770546448963	375.71791697276564
TCAAC	1.373305501562032	0.11725616019320571	117.95969715436495
TTAGG	1.3732718302629328	0.11015459479331503	110.81552236207493
CTCGG	1.3711044478997139	0.1344801229423746	135.28700368002885
CGCGC	1.3691242928686291	0.17675054939515455	177.81105269152548
GGCCC	1.3651014040561622	0.04896045307108798	49.254215789514504
ATCTC	1.3616205797022733	0.06242402155418266	62.79856568350776
TGTCG	1.3539725896512866	0.31359324759542667	315.47480708099926
GGCTA	1.3497378695706246	0.14707119287205064	147.95362002928294
ACCGC	1.3489377931561093	0.26809588757538444	269.70446290083675
TATAT	1.3475087326454573	0.05917128620248279	59.526313919697685
GCATT	1.34694047410193	0.0949377189301856	95.50734524376671
CTGGT	1.34647561303948	0.07316029070735833	73.59925245160248
ACGCA	1.3464157154271232	0.2695629572002204	271.1803349434217
CGTTA	1.3421600555229298	0.3890161415916209	391.35023844117063
TGTTT	1.3386234363413119	0.03260342214584568	32.79904267872076
TGCCG	1.3383889116124004	0.23780682466708158	239.23366561508408
GTACC	1.3364569209162	0.23901644704916922	240.45054573146425
CTTGG	1.327062525969963	0.06298386842288814	63.36177163342547
ACGTC	1.3260501245931526	0.32858003426886456	330.55151447447776
CCAGC	1.3234192088503431	0.024889224858953368	25.03856020810709
GCTTG	1.315352709849169	0.11394224123566653	114.62589468308053
CATCC	1.315352709849169	0.11394224123566653	114.62589468308053
TTCTA	1.3108999153782612	0.1018248496978723	102.43579879605953
CAGTT	1.3084284592099578	0.10341890515742445	104.039418588369
GCTCA	1.3059362279511533	0.07757318323207718	78.03862233146964
GCCGC	1.3036140218859222	0.1465136459844209	147.39272786032743
TTTGA	1.3030311645989328	0.07606668616097219	76.52308627793802
TCACG	1.3026104003650436	0.2611447275009305	262.7115958659361
CGTTT	1.3025780822788189	0.2963106033553135	298.0884669754454
ACTCC	1.2936592402602778	0.10011724437001565	100.71794783623575
TGTAC	1.2888628567611675	0.21862918186988534	219.94095696110466
GTGTC	1.2873223433797951	0.16578980876432117	166.7845476169071
GTATC	1.2863370540482804	0.2577159960199659	259.2622919960857
CGGGT	1.2845370156047176	0.27370669502626266	275.34893519642026
TGATC	1.283095514075969	0.16907408208311261	170.0885265756113
ACTGA	1.277360188971267	0.13042755794077646	131.2101232884211
GACTT	1.2737419541890065	0.16933488901538257	170.35089834947487
CTTAA	1.2720045227657621	0.15131898602636465	152.22689994252283
ATGTT	1.271266325951164	0.12076344498845051	121.48802565838122
CACCC	1.2641130072627957	0.10242038887742624	103.03491121069081
TGGCG	1.261962182808201	0.2628845533721647	264.4618606923977
GCGCC	1.2523481939045458	0.21029642011836816	211.55819863907837
TATTT	1.249047636000283	0.06444501010842942	64.83168016907999
GCTGC	1.2481057784650393	0.1117978711505246	112.46865837742774
CTGAT	1.2428193283202487	0.18929777443280094	190.43356107939775
TCGAA	1.2397468142725734	0.4053048913087316	407.736720656584
GATTG	1.2388081406030675	0.2491770070225159	250.672069064651
AATTC	1.2358423047279201	0.17164092915473814	172.67077472966656
TCAGT	1.2287524562465097	0.17851679387478853	179.58789463803726
CGTCT	1.2286915311299957	0.3306735953035201	332.6576368753412
TCTAC	1.2285856065476737	0.2319754504550035	233.36730315773352
TAGAC	1.2250694969009341	0.2933467111368633	295.10679140368444
TTTTG	1.2235330171675687	0.10570932556825013	106.34358152165963
GATGC	1.223174772041492	0.25410926847006143	255.6339240808818
AATCC	1.219172035584436	0.19379303069934659	194.95578888354265
GACGC	1.2129727695164947	0.3764449990650822	378.7036690594727
GCACG	1.2090464222095954	0.33210008978840055	334.092690327131
TAGGC	1.207109048241268	0.29830822914837307	300.0980785232633
TCTGG	1.2058007878110695	0.1527043166630992	153.62054256307778
CCTGG	1.2048097794755337	0.09309110633471548	93.64965297272377
TGCGC	1.2035341299241196	0.35060109339322276	352.7046999535821
ACTCA	1.2034372535771516	0.20493596634141703	206.16558213946553
GGATT	1.1998553705479742	0.22624357293646644	227.60103437408523
CATTG	1.1995889259132384	0.24618251070349878	247.65960576771977
TTGGT	1.1979988181852543	0.23454229230680632	235.94954606064715
CTGTA	1.1977668787085047	0.2008019001996843	202.0067116008824
TCGTC	1.1964923825724183	0.43095847151323396	433.5442223423134
AATCT	1.1948777940701212	0.22580077921060626	227.1555838858699
GCGGT	1.1925606227082264	0.3744858974401519	376.73281282479286
GTCTG	1.1912659963322605	0.22990901111601583	231.28846518271192
ATCGC	1.1909622728072726	0.4115715264840672	414.0409556429716
TCGGA	1.1909622728072726	0.4115715264840672	414.0409556429716
GACCC	1.1903835165521859	0.2368503300049744	238.27143198500426
GATCT	1.1859054226268841	0.26815713853176415	269.7660813629547
CTCAG	1.1855655631289321	0.14636702316915412	147.24522530816904
GCGCT	1.1844786266469043	0.3663587944835475	368.5569472504488
CGCAC	1.1827761757271529	0.36779461776399086	370.0013854705748
CTGGC	1.17523525445591	0.18203882340786146	183.13105634830862
GCTGT	1.174283562988258	0.22417221517051247	225.51724846153556
CGGCG	1.1720136508806258	0.3528522380017958	354.9693514298066
GCTTA	1.1714250673850162	0.3236710517683472	325.6130780789573
TGGTC	1.1708319401805527	0.27851067002645064	280.18173404660934
CTCGT	1.1693125995106985	0.40867753007896707	411.12959525944086
AGCTT	1.1665815216004143	0.25956007242102896	261.11743285555514
GCGAC	1.1587668879836106	0.43405590237143027	436.66023778565886
ACACC	1.1569154423329704	0.2831460979182453	284.84497450575475
GTACA	1.1562207053169438	0.34857027557746184	350.6616972309266
TATCG	1.1561373075455808	0.5178825585389897	520.9898538902236
GCGTA	1.1561373075455808	0.5178825585389897	520.9898538902236
GCAAC	1.154631215769537	0.31819216503042613	320.1013180206087
GCACC	1.1513627844152685	0.2902541000817663	291.99562468225685
TTCGA	1.1496938261147085	0.4604905549342647	463.2534982638703
AGATT	1.1446480942732642	0.29902189958364156	300.8160309811434
GCGTT	1.1433054517411165	0.46466721718517284	467.4552204882839
CAACT	1.1426575567250483	0.32572587885775134	327.6802341308979
CCTAA	1.142542741971933	0.33959286337238015	341.63042055261445
GGTCG	1.140777449013405	0.4470862564055609	449.76877394399423
GATCG	1.1369876671396082	0.4688322385984482	471.64523203003887
TCGAC	1.1369730410807635	0.5267044894485838	529.8647163852753
GTCAT	1.1344998238837232	0.33590936117655457	337.9248173436139
TGCTA	1.1331596932543264	0.3440362510005506	346.10046850655385
CCGAG	1.1328712038724005	0.3736757222488434	375.91777658233644
GTTTG	1.1297352921348411	0.31399644697650236	315.8804256583614
CCCAG	1.1286437752837701	0.19254801004529987	193.70329810557166
TCCGG	1.1280184216389209	0.40588773260562544	408.3230590012592
CCATG	1.126918568170219	0.30365297471685637	305.4748925651575
TATGT	1.1234367656934794	0.33316092580336076	335.1598913581809
TATCC	1.1173859096816428	0.3988736543126525	401.2668962385284
GTTTT	1.1163450297167528	0.29209408825762695	293.84665278717273
ATTTT	1.11422221275571	0.22840147354130386	229.77188238255167
TGGAC	1.1135406675604782	0.36308422066709656	365.26272599109916
GCCCA	1.1118154304865153	0.29970927127762836	301.5075269052941
CTTCG	1.1112039436652852	0.46923553088371417	472.05094406901645
CTCAA	1.1102206702349362	0.3249400704819938	326.88971090488576
TCAGC	1.1085552030076804	0.3123309317746183	314.204917365266
TTGTG	1.1070439298274242	0.3425332448888422	344.58844435817525
GCATC	1.1056248401125608	0.39123027005258865	393.57765167290415
CTCGA	1.1040485515451126	0.4747301396993696	477.57852053756585
GTCGC	1.0993292544630042	0.47838281782330544	481.2531147302453
ACCGG	1.0966000699553788	0.4674903974173747	470.2953398018789
CAGTC	1.0941077551066785	0.37990520448239246	382.1846357092868
TTCAA	1.0938982796872954	0.3478687434863978	349.95595594731617
ATATT	1.0906171296510254	0.3500063809256662	352.1064192112202
CCATA	1.0893385243661118	0.41768598591479694	420.1921018302857
ATTAT	1.0882600907170368	0.36453915732885817	366.72639227283133
ATTCG	1.0869301549513837	0.5224401458972276	525.574786772611
TTGGC	1.084283878306612	0.3861569426464249	388.4738843023035
AGTCT	1.0826816059951963	0.38479647199009465	387.1052508220352
TGCAT	1.0815676468431237	0.3904165386964346	392.7590379286132
GTCCA	1.0808918364076225	0.4177437683978345	420.25023100822153
GACTC	1.0806523250063655	0.40413790827467455	406.5627357243226
ATTTC	1.0798207587223994	0.3629513056122805	365.1290134459542
TTTAG	1.0795804405528124	0.38978167622314563	392.1203662804845
TGTGT	1.0784824147193486	0.34390919356726257	345.9726487286662
GGCTT	1.077009659970817	0.3939426544379266	396.3063103645541
CACAC	1.0757123567109281	0.34718531085427173	349.26842271939734
ACCCA	1.070631502547566	0.3915648447133013	393.91423378158106
ACTGC	1.0674628160631856	0.40017721985117594	402.578283170283
CCGGT	1.0673907750401057	0.5036975030388272	506.7196880570602
CAGCC	1.0584281169275733	0.3746964481036813	376.9446267923034
TCCAA	1.0564744267926658	0.4341009857359035	436.7055916503189
ATGTG	1.0522500152007281	0.4299497125486062	432.5294108238978
TTATG	1.0446547556221841	0.46515219939910113	467.94311259549573
TAACT	1.0442986983404805	0.46895261984102227	471.7663355600684
CGTAC	1.0393449765647076	0.5745899993131053	578.0375393089839
CATTA	1.035681002630151	0.4758977088910994	478.753095144446
GTACT	1.033557004577532	0.5061591566390133	509.1961115788474
CATGC	1.0294706120665695	0.4770531479856959	479.9154668736101
GTTGT	1.0289690170940171	0.49404321660630524	497.00747590594307
GTTAG	1.0258835755071891	0.5109501181799896	514.0158188890696
CGAAG	1.0248546100716467	0.5389780035954103	542.2118716169828
GGGCC	1.02464667542388	0.4775502377120425	480.4155391383148
TTAAG	1.0238511439383549	0.4924240616939475	495.3786060641112
GCTGA	1.021788627406163	0.48182311880816564	484.71405752101464
GCCAC	1.019535639654096	0.48633375173788274	489.25175424831
GCGAT	1.0187637770717808	0.5530609428600554	556.3793085172157
AAGTT	1.0177170836889629	0.5007956257573518	503.80039951189593
AACCG	1.0162477836441175	0.5549802518120532	558.3101333229256
AGGTC	1.01575953768056	0.5026156185258517	505.6313122370068
CACTG	1.0145240352211673	0.49081517886033366	493.7600699334957
CTGCA	1.0140457497866078	0.48947631040954476	492.41316827200205
ACACG	1.0130332213610065	0.5376111459087519	540.8368127842044
CTTAC	1.0120871211391524	0.5225995622967162	525.7351596704965
TGGGT	1.0116797248851626	0.5051186315826043	508.1493433720999
TCAGG	1.011670705037746	0.4987553407678803	501.74787281248757
TTGAG	1.0079223956755663	0.5132313421915016	516.3107302446506
TAGTT	1.0052560673024735	0.5283695723153464	531.5397897492385
TATCA	1.0045545303913506	0.5293995566005038	532.5759539401067
CATAA	1.0035275660961016	0.52950229354034	532.679307301582
TGACT	1.0033652390910066	0.5242844783746128	527.4301852448605
GGTTT	1.0028757488582105	0.525146520304475	528.2973994263018
TACGT	0.998977863911806	0.5785943824014697	582.0659486958784
CCGCG	0.9946834088845995	0.5513020314514918	554.6098436402008
AAGAT	0.9903143647609635	0.5474100367410808	550.6944969615273
CGGGC	0.9893645216962524	0.5518786056645772	555.1898772985647
AGTCC	0.9875813489935841	0.5534969031533581	556.8178845722782
TGGCA	0.9844294400653659	0.5580290630034951	561.377237381516
CAGAT	0.9841508161795308	0.5584218577088236	561.7723888550765
ACTGT	0.9828886285739078	0.560689869008862	564.0540082229152
CGCCA	0.9811098054536426	0.5689103255470465	572.3237875003288
TTCGC	0.9799466634125755	0.5914356178912858	594.9842315986335
CTTAT	0.9786024305555555	0.5679875202740311	571.3954453956753
GTTAA	0.9777854465589039	0.5693599068624586	572.7760663036333
CCGAA	0.9776174237476428	0.5850714252248371	588.5818537761861
AGTTT	0.9761991382446605	0.574542238811824	577.9894922446949
TACTG	0.97594836471869	0.571980188450055	575.4120695807554
CCGCA	0.972988340757809	0.5781202103023018	581.5889315641156
TGTTG	0.9688437330119529	0.5859549156870221	589.4706451811442
GTGGC	0.9688354064667105	0.5893643354285262	592.9005214410973
GTAGT	0.9686592444039752	0.58250687302276	586.0019142608966
TGCCA	0.9670944388739421	0.5913391047961245	594.8871394249013
ATCGA	0.966144149400639	0.6138200007646115	617.5029207691991
ACGGA	0.9652321544470019	0.5912093474467565	594.756603531437
CAATT	0.9649852121203618	0.5898548248057882	593.393953754623
ACGGC	0.9646268288124733	0.5895859324249857	593.1234480195357
GAGCT	0.9641675413959226	0.5952601256511081	598.8316864050147
TGACG	0.9593828133069991	0.5996643221652909	603.2623080982826
ATCGT	0.9586399932884371	0.6060926847700144	609.7292408786345
TGTGA	0.9579954996315718	0.6112187827922124	614.8860954889657
ATGCT	0.9566242654448662	0.605706128592763	609.3403653643195
ACTCG	0.9562591142972322	0.5993222557959356	602.9181893307111
AGGTT	0.9556360445889247	0.6074064493524309	611.0508880485455
ATTTA	0.955405630145929	0.6213037032499122	625.0315254694117
CCCGG	0.950725378323261	0.615859514222638	619.5546713079738
GAGGC	0.9487258872255997	0.6454516663134562	649.3243763113369
GATAC	0.948316517954041	0.6064485391855319	610.087230420645
CGACT	0.9468755742014894	0.6143092610221533	617.9951165882862
ATTCA	0.9456656781019558	0.6278991326908461	631.6665274869912
ACTTA	0.9451862787984835	0.6186745686413163	622.3866160531642
TATTA	0.9444163866915866	0.6267238832662877	630.4842265658855
AACTT	0.9425647000083216	0.6317167694722412	635.5070700890747
CCACG	0.9422286571934083	0.6163067892104492	620.0046299457119
GTTTA	0.9396263992221001	0.6310715945465655	634.8580241138449
GGGCT	0.9391137007537286	0.6528278963886416	656.7448637669735
CGGTC	0.9375241259621501	0.6174630385801061	621.1678168115867
TGCAC	0.9370433247621712	0.6434939256272605	647.3548891810241
TACAG	0.9353411216088213	0.6444656415678913	648.3324354172987
CAGGC	0.9294813062253304	0.6944187980559668	698.5853108443026
GTATT	0.9269210981375092	0.6491749336756918	653.0699832777459
TTGTA	0.9269171939329007	0.651751236527577	655.6617439467425
GAGTC	0.9263950937718926	0.6525997095518228	656.5153078091337
ATATG	0.9263284277351801	0.6474896019885582	651.3745396004896
GCTAA	0.9262865068794861	0.6449159685380261	648.7854643492543
GGTGC	0.9248323130652343	0.6551386499952059	659.0694818951771
GTTAT	0.9231539855673845	0.6439159243564802	647.779419902619
TGATA	0.9230878149739322	0.6496372460795051	653.5350695559822
CCAGT	0.922962472977572	0.6662352318097049	670.2326432005631
GTGAT	0.9205650365696257	0.6648955812588413	668.8849547463943
CGGAG	0.9178396124100293	0.6480638745880949	651.9522578356234
GCGCG	0.9177529868036801	0.6451004520844383	648.9710547969449
GAGTT	0.9176642811600253	0.6697257382112856	673.7440926405533
TCCAG	0.9174784667118964	0.7045053170810048	708.7323489834909
TGAGT	0.9164647394937184	0.6776010118630911	681.6666179342697
GATCC	0.9159230306179087	0.6570072969067837	660.9493406882244
TAGCC	0.9134617825994426	0.6571479861540788	661.0908740710032
CAGCT	0.9122509194978571	0.7179723415726043	722.2801756220399
TTATA	0.9121834517292756	0.6850591256455143	689.1694803993873
CACCA	0.9116917418762632	0.7061461893654299	710.3830665016226
TTGAT	0.9116594990803851	0.6698708076323117	673.8900324781056
ATCCA	0.9099926635063218	0.6791681196253734	683.2431283431256
ATCTA	0.9071681945847361	0.6694433019032233	673.4599617146426
TTTGG	0.9062767686586344	0.7138904252626517	718.1737678142276
AGGCG	0.905171546890277	0.6722764037482909	676.3100621707806
CTAGG	0.9038453206764366	0.6741573898559308	678.2023341950663
GGCAT	0.9029976748175728	0.6904249196458938	694.5674691637691
TGCGA	0.9025698087512305	0.6460030183627838	649.8790364729606
GCACT	0.8968041224843164	0.707925708329247	712.1732625792224
GGTAT	0.8966420227768086	0.6669591943932075	670.9609495595668
GATTT	0.8959354569144599	0.7093791703982673	713.6354454206569
TACCA	0.8946749986647439	0.682767038379499	686.863640609776
ATTGG	0.8925568696946737	0.6856485053640493	689.7623963962336
CTAAC	0.8895267849928628	0.6802161627309466	684.2974597073323
ACCAT	0.8893251361488022	0.7122402391842159	716.5136806193211
CTACA	0.8863569115018063	0.7035608076393517	707.7821724851879
GTATA	0.8835820789041877	0.6876082879591854	691.7339376869405
GTCGG	0.8831916848644277	0.6629695518626906	666.9473691738667
ATACC	0.8822196877884364	0.6839727533497018	688.0765898697999
ACATT	0.8800664598527034	0.7439835763849283	748.4474778432378
GAATC	0.8799921544041287	0.7078104882603264	712.0573511898884
TTCAG	0.8799851161287706	0.7520490389434878	756.5613331771488
AGGCC	0.87991518518194	0.7597143190006947	764.272604914699
GCTAC	0.8763798122607358	0.7021294406409491	706.3422172847947
TCATA	0.8749991955858902	0.7147946497776777	719.0834176763437
CGCGG	0.8735738216993727	0.7000319717938813	704.2321636246446
GGGTT	0.8709563439769659	0.741022300759839	745.4684345643981
GTTGG	0.870311733415963	0.7319914052309879	736.3833536623739
CACAT	0.869036410987513	0.7667757127537169	771.3763670302392
TTGGA	0.8685910300584585	0.754220590795343	758.7459143401151
CACGG	0.8682537558060253	0.7004328057066873	704.6354025409274
GACCA	0.866121428681561	0.7381505800775945	742.57948355806
GATCA	0.8595629449298033	0.7420592518095568	746.5116073204141
TGATG	0.853773344405434	0.7672195941240794	771.8229116888239
TTACA	0.8531902589475037	0.7834449672272705	788.1456370306341
CTAGT	0.8520671538934916	0.7194402765321979	723.756918191391
CACTA	0.8510797730307076	0.7277779023449698	732.1445697590395
GGTCC	0.8508602527120491	0.7481115312283171	752.600200415687
AATTA	0.8507981054626945	0.805608569857323	810.442221276467
TGGTG	0.8475471187142251	0.8151592697240408	820.0502253423851
CAGGT	0.8465303478223375	0.8125023849755284	817.3773992853816
CTGGA	0.8458937923912059	0.8337755511741821	838.7782044812272
AAGCT	0.8458682537278833	0.7789840736366598	783.6579780784797
CGTGG	0.8456360078277887	0.7344390444604367	738.8456787271994
CACGT	0.8445034421783575	0.7124083364002946	716.6827864186963
CAACC	0.8432907377618367	0.7648372147226782	769.4262380110142
ACACT	0.8423525148186778	0.7783786909724975	783.0489631183325
TATAA	0.8420379424841163	0.7901753136755273	794.9163655575804
CGGCA	0.8399057615357121	0.7171753725906802	721.4784248262243
TGAGC	0.8389610254851126	0.81525083647966	820.1423414985379
CGATG	0.8387899738401581	0.6934603798928423	697.6211421721994
CATAC	0.8364727447338556	0.7376248681074637	742.0506173161085
GGTTG	0.833299636355528	0.7785311119125478	783.2022985840231
GTGTT	0.8310014938214272	0.794507257963883	799.2743015116663
TGGGC	0.8301366879246	0.8423816983701936	847.4359885604148
TTACG	0.8297780923449953	0.6944181088768571	698.5846175301182
ATACG	0.8297780923449953	0.6944181088768571	698.5846175301182
GACAC	0.8291632740804848	0.7841270177813459	788.8317798880339
GTGAC	0.8261032973516929	0.801334100476752	806.1421050796125
ATTAG	0.824558638363546	0.790302280518554	795.0440942016653
CTATA	0.8223414997379573	0.762602326820039	767.1779407809593
TCAGA	0.8223101971559441	0.8350230013115545	840.0331393194239
GGTCA	0.820292144443138	0.8215055903716515	826.4346239138814
TTTAA	0.8202443370265621	0.8804192435311965	885.7017589923837
CTATG	0.8184769860454176	0.7756020200336	780.2556321538016
TCGGG	0.8176481155107203	0.7401848336844546	744.6259426865614
AAGCC	0.8132376225121176	0.8251808424841128	830.1319275390175
CGCTG	0.8125141082197586	0.7651796603373012	769.770738299325
GTAAC	0.8110365531869244	0.7571828977210587	761.7259951073851
TTTCG	0.8101643786438499	0.7153159367674572	719.607832388062
TAACC	0.8101035501403446	0.777120668473639	781.7833924844808
TAGCT	0.806153356451911	0.8143620124829563	819.248184557854
GCAGC	0.8055423127113817	0.8727528344918757	877.989351498827
GAACC	0.8053135474219453	0.8079255965010287	812.7731500800348
CGCTA	0.8038441904228059	0.7107608066902544	715.025371530396
AGTCA	0.8033048209663542	0.8383689587843695	843.3991725370756
GGACG	0.8027566215187067	0.7554733216529397	760.0061615828573
AGGCT	0.8017785225230546	0.8979532449302516	903.3409643998332
CTAGC	0.8006521239534204	0.7785898566653165	783.2613958053084
GGGGC	0.7942904193037812	0.8915659338417193	896.9153294447697
GAGCC	0.7934756375070681	0.8836553964020896	888.957328780502
CCAAT	0.7907779186831617	0.8088728996129882	813.7261370106662
TAATT	0.7901046849005642	0.8830416886787787	888.3399388108514
TGAAT	0.7895203006501375	0.8620794087956845	867.2518852484585
TAGTA	0.7880280657898474	0.8026851817020157	807.5012927922278
AACTG	0.7864860524548395	0.8530952934165389	858.2138651770381
TCACA	0.785226719270465	0.8839666650633042	889.270465053684
CGCAT	0.7814440151674372	0.7374800354698086	741.9049156826275
AACCT	0.7805127036133226	0.8603001608811219	865.4619618464087
ATTTG	0.7795929772272155	0.8854203190185248	890.732840932636
CCGGA	0.7794349410378885	0.7791394255408225	783.8142620940674
ACACA	0.7791401152626625	0.933378960537435	938.9792343006595
ACAGT	0.7774744696702464	0.8704372381894597	875.6598616185964
ATATA	0.7774194460261117	0.8879492757397796	893.2769713942182
GTCGT	0.7736204701375475	0.7301516432129002	734.5325530721775
CTAAT	0.7730148071004568	0.846817972773182	851.8988806098212
ACCGA	0.7697491895694537	0.7465506745075676	751.0299785546131
AATCA	0.7687496204015057	0.880484368113058	885.7672743217363
AATTT	0.768174293821715	0.9318206115982302	937.4115352678195
GAACT	0.767244844905828	0.853382091804075	858.5023843548994
GTTGC	0.7671742798286056	0.835789797098281	840.8045358808707
TTGGG	0.7658283341024458	0.900911059216148	906.3165255714449
ATTGT	0.7655107673193574	0.8632756883698729	868.4553425000921
GTATG	0.7620816373352953	0.8207142665114466	825.6385521105153
ACATA	0.7607165369886615	0.8686053093689048	873.8169412251182
CATGG	0.7599779900615813	0.8961860546679185	901.5631709959259
CGAGG	0.7585677716632435	0.8244159204312023	829.3624159537894
CGCAG	0.7571712767503398	0.8258798616971096	830.8351408672922
ATGTA	0.7568383827730145	0.8728423842471323	878.0794385526151
AACGG	0.7565399604932999	0.7568139311420738	761.3548147289263
GGCCG	0.7550338168607016	0.866848566296835	872.049657694616
AAGAC	0.7544138090824838	0.8828299991723965	888.1269791674308
AGACC	0.7516548676908802	0.8857541420072469	891.0686668592904
CTGGG	0.7516241881405485	0.9736513740100967	979.4932822541573
TATTG	0.7499141949740076	0.863748533010651	868.9310242087149
GTTGA	0.749112992080055	0.8452250574167626	850.2964077612631
TTGCA	0.746750946176211	0.9039237260779263	909.3472684343939
GTGCC	0.7434976878510694	0.8941749851707095	899.5400350817338
GGCTG	0.7418991621234231	0.9680081954233469	973.816244595887
GCCGT	0.7401944328146666	0.7869451629386358	791.6668339162676
ACCAA	0.7374284905841708	0.8851842837926871	890.4953894954432
CGTCA	0.7349199569849829	0.7736232628686708	778.2650024458828
CTGAG	0.7338018374146499	0.9599561512849758	965.7158881926856
GCCAT	0.7331654830816693	0.8972014943675292	902.5847033337343
ATCGG	0.7323183043384758	0.757156577647817	761.6995171137039
AGTGT	0.7307593850802538	0.8995272773733543	904.9244410375944
GGCAC	0.7288086309214852	0.9084699896897137	913.920809627852
TACAT	0.7287145655812562	0.8937610533817169	899.1236197020072
TGTAT	0.7281547083123316	0.9155671111838377	921.0605138509408
CCCAA	0.7271947816512985	0.9328977802767362	938.4951669583966
AGTTG	0.7216746536781673	0.8920862097862442	897.4387270449616
TGTAA	0.7198818843904397	0.9340000095561393	939.6040096134761
GACGT	0.7128505769603267	0.7907443534586344	795.4888195793861
ATCAC	0.7116847518556215	0.916942772111763	922.4444287444336
TGAAC	0.708617513289804	0.912214155896925	917.6874408323066
GTGCG	0.707117787036986	0.815097936055925	819.9885236722605
CGGAT	0.7047111849596632	0.7970360889352657	801.8183054688773
AATAT	0.7010021008738279	0.9526688227741315	958.3848357107762
AGTAC	0.7006628375098973	0.8545258608027454	859.6530159675618
CGAGT	0.6999161417810411	0.800734540441983	805.5389476846349
ACGTT	0.6999161417810411	0.800734540441983	805.5389476846349
GGCGC	0.697903444653565	0.9045397505312294	909.9669890344168
ACGCG	0.6975591483077992	0.7802181063565949	784.8994149947345
AGACT	0.6973652759669708	0.9351730110195183	940.7840490856354
AATGT	0.6961515730219054	0.9469672997718253	952.6491035704562
TCAAG	0.6949904923888577	0.942651382084474	948.3072903769809
GGTAC	0.6923454583175328	0.8457933506547147	850.8681107586431
TAAAC	0.6916539768366693	0.9185414646497342	924.0527134376326
ATAAT	0.6903042041863303	0.9509517890023687	956.6574997363829
GTGAA	0.6893448282210848	0.9411179607126688	946.7646684769448
CGAAT	0.6882258249971255	0.786444322366711	791.1629883009113
GGATC	0.685813974187806	0.9050330514366455	910.4632497452653
TTAGA	0.6853825050961907	0.9311420708489702	936.728923274064
ATACT	0.6842922566378231	0.9062995332381786	911.7373304376076
CATGA	0.6818963321438093	0.9404024924559176	946.0449074106531
CAGCA	0.6806371113311634	0.9807826809207811	986.6673770063059
GTGCT	0.6789332458886914	0.9483100168341514	953.9998769351563
TGACA	0.6778708343195372	0.9541648467216197	959.8898358019494
CGTAG	0.676904565224721	0.7940080333908753	798.7720815912206
GAATT	0.674160204391946	0.9514101121525566	957.1185728254719
GTGTA	0.6729248379326465	0.9048251594472888	910.2541104039725
AACAC	0.6716111879023149	0.9474290244093024	953.1135985557582
CAATG	0.6705851583992211	0.9265676591043394	932.1270650589654
AGCTG	0.6687461462936745	0.9813317997854419	987.2197905841546
ATGAT	0.6687429109896186	0.9359955680469993	941.6115414552813
CTACG	0.6659496892637212	0.8013335874384804	806.1415889631113
CGAGC	0.6659140191824894	0.8489546366790668	854.0483644991411
TCTCG	0.6646051674343827	0.8690731755666069	874.2876146200066
TGTGG	0.6640363885608946	0.9700699981191243	975.8904181078391
ATTAA	0.6627114905578598	0.9629940118502036	968.7719759213048
GGACT	0.662472836763159	0.9403475099151622	945.9895949746532
GCCGG	0.6622502105812041	0.9236450228365586	929.186892973578
ACCAG	0.6612894742367819	0.9637581603843249	969.5407093466309
TGAAG	0.6590268828686695	0.9649517876429013	970.7414983687588
AGATC	0.6560328281066753	0.9369974673938135	942.6194521981764
CAGTG	0.6540002394549593	0.9844036664341366	990.3100884327414
CTAGA	0.6500542706249044	0.9224062053143657	927.9406425462519
GATGT	0.648172228775593	0.9422459979311798	947.8994739187668
CCAAG	0.6479419906767204	0.9704121798404891	976.2346529195321
TTAAA	0.6471938877420532	0.9906821430513278	996.6262359096359
AAATC	0.6462914691034081	0.9670998375652328	972.9024365906241
CATAG	0.6424373914196954	0.9278419466236089	933.4089983033505
CGATT	0.6410503824065703	0.8179769101683294	822.8847716293394
ACTAC	0.6396446096061866	0.9049055093235149	910.3349423794559
ACCAC	0.6385417149744295	0.9663532537045195	972.1513732267466
GATTA	0.6354134774070759	0.9421474117138583	947.8002961841414
ATGAC	0.6238439752554169	0.9492140779075239	954.9093623749691
CAAAC	0.6236341561515641	0.9731304804788811	978.9692633617543
CTAAA	0.622761782751236	0.9734950616337255	979.3360320035279
CGGAC	0.6222867129013314	0.8590529679569568	864.2072857646986
GGGTC	0.6206451131281999	0.9647104092640887	970.4986717196732
GCAGT	0.6203652916330642	0.9782068658893572	984.0761070846934
TACAC	0.6170489899772628	0.9338685978958046	939.4718094831794
GACTG	0.6169190722972596	0.9664944243627376	972.293390908914
CGGTG	0.6152964685679221	0.9067897999959064	912.2305387958818
TGTAG	0.6151324689841161	0.9541711115491339	959.8961382184287
GCGTG	0.6129529220276518	0.923887500691274	929.4308256954216
CGTTG	0.6124272952828366	0.8370156983224395	842.0377925123742
CAGAC	0.6113096399290597	0.9739130927631025	979.756571319681
CCGGG	0.6110066940889154	0.9740353964580458	979.8796088367941
CAAGT	0.6082872598190139	0.9703936330742091	976.2159948726544
GATGA	0.6066548877747674	0.971094827848861	976.9213968159542
TATAG	0.6035930031142757	0.9422457379800957	947.8992124079763
CCAGA	0.6017765104794421	0.9907289058048637	996.6732792396929
AATCG	0.5999266000900223	0.8452678965927136	850.3395039722699
ATCAG	0.5989397911040248	0.9742562702217642	980.1018078430948
ACGTG	0.5972709738961036	0.9004895017242985	905.8924387346443
AGTCG	0.5964481457755	0.8475548761724543	852.640205429489
GGCGT	0.5953476535695288	0.9204530682409662	925.9757866504119
GGTAA	0.5941248767905573	0.9477577286023761	953.4442749739903
CAAAT	0.592385247449362	0.9891089379252582	995.0435915528097
GTAAA	0.5923481296487535	0.9767617991811778	982.6223699762648
ACTAT	0.5921692890647615	0.9488564966207232	954.5496356004476
TAAAG	0.5919385418916229	0.9809553623126273	986.841094486503
CGTGC	0.5912617903541555	0.9046165400728644	910.0442393133015
CAATA	0.5907497849939954	0.9589278118761804	964.6813787474374
ATGGT	0.5894354976436476	0.9729672473777812	978.8050508620479
AGGGC	0.588881445235134	0.9916272552690548	997.5770188006692
AAACT	0.5878640083311726	0.9900855204566131	996.0260335793528
AGCAT	0.5877278519162833	0.9784133909607312	984.2838713064956
ATCCG	0.5829284876465354	0.856397893251224	861.5362806107313
GAATG	0.5819778560688433	0.9803515502166571	986.233659517957
GGGAC	0.5796917133531588	0.98463500604603	990.5428160823062
TATGA	0.5786934327040346	0.9647077281274193	970.4959744961839
GGCAA	0.5784038354016423	0.9814922390030448	987.3811924370631
CGACG	0.5780377954663914	0.822949870342185	827.8875695642381
TAAGG	0.5758565925896695	0.9659877962735086	971.7837230511497
GCATG	0.5757519666317801	0.9823075744224969	988.201419869032
ATGAG	0.5658552627035374	0.9881362902904348	994.0651080321775
GTAAT	0.5623976886151969	0.9776674216444494	983.5334261743161
AGTGA	0.5595952239213882	0.9958339942310201	1001.8089981964063
AAGTC	0.5579869482396058	0.979150148515845	985.0250494069401
TAAGT	0.5563743814304533	0.9739724639354568	979.8162987190696
GGAGT	0.5556482527278656	0.9923702855415316	998.3245072547808
AGCCA	0.5554308747254929	0.997039206515871	1003.0214417549662
AGCTA	0.5546408272743926	0.980228579779811	986.1099512584899
GCTAG	0.5542707832772705	0.9452240428215987	950.8953870785283
ATCAA	0.5510061033759298	0.9813554197648989	987.2435522834883
ATGCA	0.5502427776153302	0.9888840926879935	994.8173972441215
CGCAA	0.5458121848256378	0.8801814298638236	885.4625184430066
GATGG	0.545199030378846	0.9899327352315894	995.8723316429789
TACAA	0.545039271272982	0.9869962748771794	992.9182525264425
GTGTG	0.5431787063494548	0.9983764513758056	1004.3667100840604
GTGGA	0.5420608231355468	0.9905467947616454	996.4900755302153
TCGGT	0.5415022983467638	0.8828839456934426	888.1812493676033
AGGGT	0.5405052139549816	0.9908405629040661	996.7856062814905
AGTGG	0.5394833328224544	0.9947170617304909	1000.6853641008738
GGAGC	0.5390477056126378	0.9947713698383807	1000.739998057411
GGAAC	0.5388717772676116	0.9799855385210786	985.8654517522051
GGCGG	0.5337144483318547	0.989499246116228	995.4362415929253
GTGCA	0.5293643248711463	0.9927482518323544	998.7047413433485
AAGTA	0.5280405971986227	0.9874542855270753	993.3790112402377
GCTGG	0.5276030194253261	0.9996718242369924	1005.6698551824144
GGACC	0.5271253546628089	0.9834385802140077	989.3392116952917
AAGGT	0.5260628070925016	0.9909757558243935	996.9216103593399
GGGCA	0.5231667329061389	0.9980182225703208	1004.0063319057427
ACTAA	0.5227681860566362	0.98460616778796	990.5138047946878
GGGTG	0.5211940746517141	0.9974980041525026	1003.4829921774176
AGCGC	0.5169558416750061	0.9489968072328997	954.690788076297
TAGCA	0.5161368793988248	0.9811284336242285	987.0152042259739
GCCGA	0.5143699946609717	0.9502954863397396	955.9972592577781
AATGG	0.5137001430528455	0.9930260058129857	998.9841618478637
AATAC	0.5113873041520492	0.9873802042796512	993.3044855053291
TGGAT	0.5052495612782109	0.9919304516250643	997.8820343348148
GTGGG	0.5038386374446927	0.99849182350234	1004.4827744433541
CAACG	0.5030996994278322	0.9062409353008063	911.6783809126111
TAATA	0.5014146839443788	0.9946923329185131	1000.6604869160242
AACAT	0.501187886897407	0.9962307173646276	1002.2081016688154
CAGTA	0.5010405341013253	0.9852404072542874	991.1518496978131
CGGGA	0.5009508992715955	0.979033904513564	984.9081079406453
GCAGA	0.4996352094625264	0.9986754991959207	1004.6675521910962
AGGCA	0.4991772170452921	0.9995168597136188	1005.5139608719005
TCAAA	0.4984223696048488	0.9987249173454693	1004.7172668495422
ATAAC	0.4981188581688875	0.9799042919809323	985.7837177328179
TATAC	0.49742261945887456	0.9713318195943971	977.1598105119634
AAAGT	0.49580427222987183	0.9983487929205492	1004.3388856780725
AAGCG	0.4946053026040747	0.9404473061078372	946.0899899444843
AACCA	0.4939409032077475	0.9955442041249483	1001.517469349698
AATTG	0.49357972045449927	0.9909731177686508	996.9189564752627
AGCCG	0.48567357353991586	0.975509959170406	981.3630189254284
CCACA	0.4848040506890288	0.9991826724729103	1005.1777685077477
CCAGG	0.48412268185585133	0.9999685854352259	1005.9683969478373
GCTAT	0.4833900183744641	0.9762743389419491	982.1319849756009
CCGTG	0.4807056498894771	0.965548394816427	971.3416851853256
GGGTA	0.4766663346296632	0.9784359297154265	984.3065452937191
GGTGA	0.46642571488510465	0.9985502701213489	1004.5415717420769
AGAGC	0.4645077960860491	0.9986322654607865	1004.6240590535513
GAGGT	0.46393548848706917	0.9986559854285509	1004.6479213411222
GAGAT	0.4634122543272021	0.9979827952252088	1003.97069199656
AGATG	0.4627950883205258	0.9987022488807729	1004.6944623740575
TGGGA	0.4616542905032893	0.9998984856189875	1005.8978765327015
GACCG	0.4613538713158653	0.9297304762531627	935.3088591106817
AGAAT	0.46123876453010954	0.9991913890130611	1005.1865373471395
TGGAA	0.46040116280064664	0.9994859113945326	1005.4828268628997
AGCAC	0.4596791144486261	0.9981863188863316	1004.1754367996496
CAACA	0.45600557236855505	0.9983701153016915	1004.3603359935016
GATAT	0.4555443992754613	0.98438222154185	990.288514871101
GCCAG	0.454447473815172	0.9997337932162811	1005.7321959755787
GGTGG	0.450720988585177	0.999853569508168	1005.852690925217
CGAAA	0.45024650360188234	0.9355622031451453	941.1755763640161
ACATG	0.4502088780856097	0.9986292757257103	1004.6210513800645
TGAGA	0.4492418750524621	0.9996617896527885	1005.6597603907053
TTGAA	0.44704374298990546	0.9992188678080601	1005.2141810149085
TAAAT	0.446834994237203	0.9996921018810456	1005.6902544923319
TGCAG	0.441843501033094	0.999938549195896	1005.9381804910713
ATAAA	0.43964858511895644	0.9999112903446135	1005.9107580866811
GGCGA	0.43900576956389303	0.9660593693575041	971.8557255736491
AACTA	0.437669844674489	0.9931176533111429	999.0763592310097
ACTGG	0.4375797517257052	0.9984881232310127	1004.4790519703987
TCTAG	0.432452021444007	0.9938344776588274	999.7974845247803
TAGTG	0.4310918197646522	0.9897565844201903	995.6951239267115
ATTGA	0.4300393530267151	0.9941466453800795	1000.1115252523599
AGATA	0.4277500265645724	0.9967556935540645	1002.7362277153888
GGCCA	0.4255987264548787	0.9998733796692326	1005.872619947248
GAAAC	0.42549532710280374	0.9989575326559531	1004.9512778518888
GTAAG	0.42538318405999886	0.9907950732441362	996.739843683601
AGAGT	0.4243234537384096	0.9989958680330537	1004.9898432412521
GTCAG	0.42257768348665803	0.9990508363125452	1005.0451413304205
ATACA	0.4193024291616545	0.99851184435095	1004.5029154170556
GACAT	0.418937065382785	0.9954345597261348	1001.4071670844917
GACTA	0.4181470533338542	0.9855917586979333	991.5053092501208
GGTTA	0.41645328566395245	0.9859884770921435	991.9044079546964
TACGA	0.4148668986763052	0.9100426249045959	915.5028806540234
ATAGG	0.4147419303167935	0.9925287742520335	998.4839468975457
TGAGG	0.4138634777008375	0.9999579237263324	1005.9576712686904
ATAAG	0.41221550319776673	0.9961031838312148	1002.079802934202
AGTGC	0.4117397328974815	0.9988175466836318	1004.8104519637335
ATAGC	0.4110420279133573	0.9872072476012977	993.1304910869055
AGCGT	0.4106945195664618	0.9546027407290617	960.330357173436
CCGTA	0.40828086247933576	0.9134567789655533	918.9375196393466
CACAG	0.40821770624962117	0.9999686529724269	1005.9684648902614
AATGA	0.4079964428981733	0.9996794450563042	1005.6775217266421
TCGAT	0.4066668931346239	0.914289876734038	919.7756159944423
GTCAA	0.4065401734791451	0.99369519851592	999.6573697070155
GTGGT	0.406043447359906	0.9990125164723183	1005.0065915711522
GACGG	0.4039414739571352	0.9782897213888047	984.1594597171375
CGGAA	0.4026553554034182	0.9581084661641016	963.8571169610863
AAATT	0.4008130371640121	0.9999790310427754	1005.9789052290321
ACAGC	0.39956155703286594	0.9995734941268161	1005.570935091577
CACAA	0.3981844754566617	0.9995949057973103	1005.5924752320941
AGGTA	0.39650329726271066	0.9949357273730212	1000.9053417372593
ATGGA	0.3956812804404388	0.9993000634040081	1005.2958637844322
AGTAT	0.3955876735790239	0.9950391970776669	1001.0094322601328
CGAGA	0.39463990176712405	0.9810070461458759	986.8930884227511
AAATA	0.3942168246957947	0.9999978061714376	1005.9977930084663
TAATG	0.3925334478969319	0.9976400594208344	1003.6258997773595
GAACA	0.39164600488096735	0.9988197407696657	1004.8126592142837
GAAGT	0.3891031737670281	0.9989103359034148	1004.9037979188353
TTAAC	0.38841206078300144	0.9957969521250122	1001.7717338377622
ACGAC	0.38678958646817224	0.9244177592236148	929.9642657789565
TGGTA	0.3860776522157269	0.99602383260741	1001.9999756030545
CGGGG	0.3845259872052738	0.9990592741822656	1005.0536298273591
CAGCG	0.3830889012836535	0.9923795322515563	998.3338094450656
AAACC	0.38206677577179576	0.9995699277506275	1005.5673473171313
ACGAG	0.38102553760251817	0.9668662493825319	972.667446878827
GGTAG	0.3799035622608098	0.9928566281894154	998.8137679585519
GAGAC	0.379855044821667	0.9998046866160454	1005.8035147357416
CGTAT	0.37965226233162347	0.927986335128497	933.554253139268
AGCAA	0.37923154369760775	0.9998097632402764	1005.808621819718
GGTGT	0.3772637272230736	0.9992614888614227	1005.2570577945913
TAACA	0.37555680669782593	0.9985448172324646	1004.5360861358594
CGTAA	0.375494901265225	0.9300460927128826	935.6263692691599
GGAAT	0.37529481419348854	0.9993097298123188	1005.3055881911927
AGGTG	0.3745390447371741	0.9999633989398666	1005.9631793335059
TAGGT	0.3726730735006229	0.9938607985411105	999.8239633323572
GAGCG	0.3686972452276132	0.9874376441872266	993.3622700523499
TGAAA	0.3678434614261064	0.9999879164767475	1005.9878439756079
ACAAC	0.3675750865272178	0.9975129897430393	1003.4980676814974
AAGTG	0.363851931031912	0.9999040550295641	1005.9034793597415
CACGA	0.36287638013739515	0.9734144286981437	979.2549152703325
CGAAC	0.361000055254776	0.9371071834239807	942.7298265245246
CTAAG	0.35660614877104335	0.9981670923442734	1004.156094898339
GGCAG	0.35529156191356737	0.9999988940750935	1005.998887439544
GGAGA	0.34702055264881204	0.9999925105300845	1005.992465593265
ACGAT	0.34641203759871353	0.9439998979360956	949.6638973237121
AAATG	0.3444786672865371	0.9999973235420322	1005.9973074832844
AGCAG	0.34311721473762885	0.9999941681640694	1005.9941331730538
GCACA	0.34298794867772703	0.9999183338604947	1005.9178438636576
GAAAT	0.3416529375454816	0.9999687072322505	1005.968519475644
ATGAA	0.3415618059776536	0.9999237992205894	1005.9233420159129
TACTA	0.34000697162372645	0.9971781303950756	1003.1611991774461
GGGCG	0.3395619636745089	0.9995690731752461	1005.5664876142976
TGGGG	0.33935030742955896	0.9999981415054667	1005.9981303544995
CCAAA	0.33557221743608817	0.9999776816472378	1005.9775477371212
TAGAG	0.3342225336377348	0.999649594120732	1005.6474916854563
GCCAA	0.332061868990509	0.9996784387303622	1005.6765093627444
ACTAG	0.32968348097011807	0.9941262632825927	1000.0910208622882
ATAGT	0.3278078290149599	0.9979830924221845	1003.9709909767176
TAAGA	0.3257441494465086	0.9997517576849294	1005.750268231039
CAGAG	0.3254655439529448	0.9999997566951664	1005.9997552353374
AGGAC	0.32166409282059527	0.999791276249648	1005.790023907146
CGCGA	0.3195125485201821	0.9560294047705035	961.7655811991265
CGTGA	0.3194762209816662	0.9859313843146792	991.8469726205673
GGATA	0.3191093827888303	0.995388002023811	1001.3603300359538
GAATA	0.3181804545183014	0.9994819394284137	1005.4788310649842
AATAA	0.31637500532719726	0.9999991405259568	1005.9991353691125
CAGGA	0.3138169742635527	0.9999999149141332	1005.999914403618
AGACA	0.31329071370083866	0.9999834686569243	1005.9833694688659
CCGTT	0.30348711838950304	0.9626970165161998	968.473198615297
ACAAT	0.3033383623680154	0.9997120265361608	1005.7102986953777
GACAG	0.30067317366716906	0.9999925083107899	1005.9924633606546
GGATG	0.3000522948222932	0.9999239593941284	1005.9235031504932
AGACG	0.2990377739373985	0.9902686041611993	996.2102157861665
AAAAT	0.29705210482625116	0.999999999530923	1005.9999995281086
AATGC	0.2954865004360439	0.9997945930200328	1005.793360578153
ATGCG	0.2947896828559135	0.9661364698324089	971.9332886514034
GTGAG	0.28954094104303274	0.9999965140237131	1005.9964931078554
CAAGC	0.2890028662718696	0.9998470218726829	1005.846104003919
GACGA	0.2873774270422315	0.9689599908665019	974.7737508117009
GCAAT	0.28726328567977166	0.99947711690594	1005.4739796073757
GAGCA	0.2832270120724938	0.9999693691863911	1005.9691854015094
ATAGA	0.2800225482175314	0.9996077296130473	1005.6053759907256
GGGAT	0.2733167828811792	0.9999297665019419	1005.9293451009535
ACGTA	0.2728915242127221	0.9741714914083774	980.0165203568278
GCAAG	0.27158249604409906	0.9999359577528311	1005.935573499348
GCGCA	0.2714122884266169	0.9946198315521843	1000.5875505414973
GTAGC	0.26900605400452987	0.9989005114059746	1004.8939144744104
TTCGG	0.26861562490287105	0.9756279501223796	981.4817178231139
TGCGG	0.2647728262718653	0.9954246957027573	1001.3972438769738
TAAAA	0.2636997051240507	0.9999999988621161	1005.9999988552888
ATGGG	0.2625578714213716	0.9999612445367757	1005.9610120039964
TAGAT	0.2614785242265835	0.9991587002542447	1005.1536524557702
GCGAG	0.258775552412916	0.9960775154947556	1002.0539805877241
GAACG	0.25655566949279235	0.9795228375530044	985.3999745783224
CCAAC	0.2559574685098662	0.9998675387211647	1005.8667439534918
CGACA	0.2533954595023297	0.9804897218421424	986.3726601731953
TATGG	0.2520732119659032	0.9994123868368091	1005.40886115783
ACAGA	0.25133358102835096	0.9999998614933817	1005.999860662342
TAGGA	0.24762921107419256	0.9999138504353247	1005.9133335379366
AATAG	0.24718237915314797	0.9999158919517458	1005.9153873034562
GGACA	0.24678585767379677	0.9999854056765626	1005.985318110622
TCGCA	0.2461194162132838	0.9826280694151845	988.5238378316757
AACAG	0.24503767376288058	0.9999977151067662	1005.9977013974068
CAGAA	0.2449570412384507	0.9999999277214011	1005.9999272877295
AGCGG	0.24374565459618486	0.9974255038281783	1003.4100568511474
AGGAT	0.24178902258268364	0.9999896018454957	1005.9895394565687
TGCAA	0.24020547873431328	0.9999906914181156	1005.9906355666243
AAACA	0.23929620446309366	0.9999999934133575	1005.9999933738377
GCAAA	0.23786863406404343	0.9999921177533372	1005.9920704598572
AGTAA	0.23610494899113207	0.999955045221727	1005.9547754930574
GCGGG	0.2354285937818504	0.9999568226590179	1005.956563594972
GGGAG	0.23542671049198308	0.9999999993525321	1005.9999993486473
GAGTG	0.23185348134189349	0.9999949497104572	1005.99491940872
GCAGG	0.23073915707591822	0.9999999978159644	1005.9999978028602
ACGGT	0.2301484740646583	0.9868777098103376	992.7989760691996
AGAAC	0.22449541519687957	0.9999783217564256	1005.9781916869642
GGGGT	0.22357428314492572	0.9999973791904998	1005.9973634656428
ACAAG	0.2200469228886057	0.9999839681576689	1005.9838719666149
AAAGC	0.2197463011216142	0.9999981000760223	1005.9980886764785
GATAA	0.21513527012812314	0.9998969079031087	1005.8962893505274
TAGAA	0.20896674610099011	0.999992884914356	1005.9928422238421
GGGGA	0.20464683651209276	0.9999999556561249	1005.9999553900616
GCATA	0.19778885165656465	0.9995337632228568	1005.5309658021939
GACAA	0.19598573992505544	0.9999683721123477	1005.9681823450218
AGGGA	0.1921877946100149	0.9999999909278282	1005.9999908733952
AAAAC	0.19164922652339392	0.9999999915721328	1005.9999915215656
AAACG	0.191210985444647	0.9945590198097906	1000.5263739286493
CAGGG	0.18240966486961024	0.9999999998688434	1005.9999998680564
GTAGG	0.18170546197848167	0.999793204234359	1005.7919634597652
TGGAG	0.18014900194759592	0.999999998441058	1005.9999984317044
CAAGG	0.1761646927816978	0.9999996656565524	1005.9996636504917
AAGGA	0.17388228340840445	0.9999999880661111	1005.9999879945078
CAAGA	0.17110014866183243	0.9999998136798148	1005.9998125618937
GAGAA	0.1629461745225273	0.9999999977485236	1005.9999977350147
ACAGG	0.16191741221435998	0.9999999980992139	1005.9999980878092
AGCGA	0.15704620535341357	0.998245794795278	1004.2352695640496
GGGGG	0.1529933032649539	0.999999983584846	1005.9999834863551
AAGCA	0.1527655710250478	0.9999999841407692	1005.9999840456138
GAAGC	0.15275397841481844	0.9999993193719685	1005.9993152882004
GTAGA	0.14935688054771262	0.9999768623783962	1005.9767235526666
CAAAG	0.1471260396677955	0.9999999934823987	1005.9999934432931
ACAAA	0.13991582676474887	0.9999999999731587	1005.9999999729977
AAGAA	0.13710917715650747	0.9999999999859618	1005.9999999858776
CAAAA	0.13067731703443394	0.9999999999971559	1005.9999999971388
AAGGG	0.1306591809643942	0.9999999662598623	1005.9999660574215
GAGGA	0.12916005440372516	0.9999999997785339	1005.9999997772052
GCGGA	0.1265151662886938	0.9996196638942086	1005.6173818775738
GATAG	0.12497727384614865	0.9996547402654595	1005.6526687070523
AGTAG	0.11955104807592032	0.9999989697804743	1005.9989635991572
AACAA	0.10877902263472669	0.9999999995133483	1005.9999995104283
GGGAA	0.10718811659607373	0.9999999996666745	1005.9999996646745
GAAAG	0.10655731094754425	0.9999999997140463	1005.9999997123306
GAAAA	0.10429693509414188	0.999999999999731	1005.9999999997294
GAGAG	0.09348061722867343	0.9999999999926468	1005.9999999926026
AGAGG	0.09271999717836818	0.9999999999942489	1005.9999999942145
GAGGG	0.09167019168756087	0.9999999999959315	1005.999999995907
GGAAG	0.0912893786082377	0.9999999999964188	1005.9999999963973
TAAGC	0.0879707667201382	0.9999878643206952	1005.9877915066194
AGAAA	0.08743107259907694	0.9999999999999997	1005.9999999999997
AGGAA	0.08245521102272049	0.999999999999868	1005.9999999998672
GGAGG	0.08171018904410143	1.0	1006.0
GAGTA	0.08090667298119505	0.9999954777504488	1005.9954506169515
GAAGA	0.08082576943284875	0.9999999994823351	1005.9999994792291
TAGGG	0.07413568066193041	0.9999985284500367	1005.9985196207369
AGGGG	0.07018402511584163	0.9999999999857553	1005.9999999856698
AGAGA	0.05016471243104991	0.9999999999999998	1005.9999999999998
AGGAG	0.04807006736454512	1.0	1006.0
AAGGC	0.047874065654956444	0.9999999990612164	1005.9999990555837
AAAAA	0.039415515171002065	1.0	1006.0
AAGAG	0.03685487850447821	0.9999999999981091	1005.9999999980977
AAAGA	0.027675055222618584	0.9999999999999998	1005.9999999999998
AAAAG	0.027097074610619696	0.9999999999999999	1005.9999999999999
